;name;location;motionType;mean(GSR);mean(HR);mean(RR);mean(skinTemp);mad(GSR);mad(HR);mad(RR);mad(skinTemp);std(GSR);std(HR);std(RR);std(skinTemp);receptivity
0;5a2b02b7b07e944d86d41969;{u'lat': 48.1471071962, u'long': 11.5761443119};1.0;4211.12129032;75.4309165281;0.761380622386;30.67609674;122.762239334;1.95304705966;0.0876549095232;0.198356503134;158.564361318;2.40266012258;0.116952657803;0.240923868082;-1.0
1;5a2b02b7b07e944d86d41969;{u'lat': 48.1469814721, u'long': 11.5762044621};1.14377880184;6922.27301927;90.2564747089;0.559112758651;31.5430885396;1641.65576668;6.13449952994;0.203436502952;0.154876457215;2128.35570597;7.16302337615;0.248582326906;0.174846966562;1.0
2;5a2b02b7b07e944d86d41969;{u'lat': 48.1491063181, u'long': 11.5759434463};1.3547008547;1675.37055232;75.9034950443;0.64094836565;29.4979893913;165.183573707;5.63823233845;0.196375556681;0.121572152662;207.190862974;6.43033758303;0.250545622319;0.143821541703;-1.0
4;5a2b02b7b07e944d86d41969;{u'lat': 48.1469709919, u'long': 11.5762247837};2.0;4051.58181818;71.3744107744;0.832393265993;29.7985383142;621.818083869;3.96111779977;0.104170500733;0.0883674419804;831.929047597;4.96129409428;0.133452358879;0.106591776108;-1.0
8;5a2b02b7b07e944d86d41969;{u'lat': 48.1469305394, u'long': 11.5762811479};1.0;2720.22719247;78.255444379;0.724045846777;30.6342774691;84.3819454091;2.81579823467;0.0736075436851;0.0468924733898;103.085188689;3.64059181979;0.0941028602498;0.0566007579258;-1.0
9;5a2b02b7b07e944d86d41969;{u'lat': 48.1469358418, u'long': 11.5763005312};1.0;2177.09353741;74.9988375207;0.781829842209;30.5973537813;102.331993228;2.03433094072;0.0724092770243;0.0694838346919;126.331810548;2.69092279644;0.0914654004693;0.0882450128845;1.0
10;5a2b02b7b07e944d86d41969;{u'lat': 48.1470397706, u'long': 11.5761979835};1.6728606357;4666.22357724;77.2493224932;0.655694061747;28.1356630824;1248.17580475;4.37847107468;0.126615829815;0.170308787676;4128.01318962;4.97371050131;0.160283339283;0.199389330234;1.0
15;5a2b02b7b07e944d86d41969;{u'lat': 48.1491003197, u'long': 11.5760109389};1.09671084929;1001.98361582;69.8780515945;0.854306431975;30.0730178086;34.594731399;3.90654753481;0.0770425109933;0.0793167057953;42.3525842584;4.97226340142;0.0975015154074;0.0899053821671;1.0
16;5a2b02b7b07e944d86d41969;{u'lat': 48.1469647456, u'long': 11.5762395337};1.0;6390.63413091;82.3952355171;0.713099795956;28.7704168327;941.285760477;2.81696683101;0.0381785365796;0.275932804696;1145.7549942;3.61826039324;0.0490015359425;0.340041997554;1.0
17;5a2b02b7b07e944d86d41969;{u'lat': 48.1497489423, u'long': 11.566367526};1.79659318637;3669.05454545;83.6582071656;0.681452000831;29.4127165835;211.197727273;8.49870124724;0.0971070873245;0.207155511059;267.843798892;9.1953896477;0.126603635205;0.240491264837;-1.0
18;5a2b02b7b07e944d86d41969;{u'lat': 48.1492697102, u'long': 11.5620903239};1.06876938987;5227.15324823;74.995389049;0.753447340524;30.9340510566;778.478169231;3.07791344501;0.104587183531;0.0563537811262;911.282639402;3.6305733604;0.135051586539;0.0663440229003;1.0
